Particle size distributions from GCPEX with close colocations with APR2 radar.
Five size distributions are given below, in various cloud conditions.
Legs 1-2 are in irregular aggregates, legs 3-4 in needles and needle aggregates, and
leg 5 is in relatively small compact aggregates.  The temperature for each leg is given below.

Bin midpoints for particle diameter (microns):
   125.0   175.0   225.0   275.0   325.0   375.0   437.5   512.5   587.5   662.5   750.0   850.0   950.0  1100.0  1300.0  1500.0  1700.0  2000.0  2400.0  2800.0  3200.0  3600.0  4000.0  4400.0  4800.0  5500.0  6500.0  7500.0  8500.0  9500.0 11000.0 13000.0 15000.0 17000.0 19000.0 22500.0 27500.0
Bin endpoints for particle diameter (microns):
   100.0   150.0   200.0   250.0   300.0   350.0   400.0   475.0   550.0   625.0   700.0   800.0   900.0  1000.0  1200.0  1400.0  1600.0  1800.0  2200.0  2600.0  3000.0  3400.0  3800.0  4200.0  4600.0  5000.0  6000.0  7000.0  8000.0  9000.0 10000.0 12000.0 14000.0 16000.0 18000.0 20000.0 25000.0 30000.0
Bin width for particle diameter (microns):
    50.0    50.0    50.0    50.0    50.0    50.0    75.0    75.0    75.0    75.0   100.0   100.0   100.0   200.0   200.0   200.0   200.0   400.0   400.0   400.0   400.0   400.0   400.0   400.0   400.0  1000.0  1000.0  1000.0  1000.0  1000.0  2000.0  2000.0  2000.0  2000.0  2000.0  5000.0  5000.0

Concentrations given are normalized by binwidth, in units of 1/m^4 (#/m^3/m).

T(C)    Concentration(1/m^-4)
-----------------------------------
-18.57  1.08e+07  1.03e+07  1.26e+07  1.03e+07  6.53e+06  9.49e+06  9.41e+06  7.89e+06  5.96e+06  4.15e+06  2.49e+06  2.62e+06  1.05e+06  7.47e+05  5.53e+05  2.47e+05  1.71e+05  9.47e+04  2.89e+04  1.47e+04  1.05e+04  2.38e+03  0.00e+00  7.73e+02  0.00e+00  2.98e+02  0.00e+00  0.00e+00  0.00e+00  0.00e+00  0.00e+00  0.00e+00  0.00e+00  0.00e+00  0.00e+00  0.00e+00  0.00e+00
 -9.45  4.53e+06  4.39e+06  7.71e+06  7.58e+06  4.38e+06  5.76e+06  5.73e+06  5.23e+06  5.12e+06  4.07e+06  2.41e+06  1.80e+06  1.02e+06  7.75e+05  6.36e+05  3.70e+05  2.57e+05  1.39e+05  5.75e+04  2.23e+04  1.02e+04  4.18e+03  1.65e+03  0.00e+00  0.00e+00  0.00e+00  0.00e+00  0.00e+00  0.00e+00  0.00e+00  0.00e+00  0.00e+00  0.00e+00  0.00e+00  0.00e+00  0.00e+00  0.00e+00
 -2.09  9.55e+06  7.98e+06  1.08e+07  7.38e+06  4.96e+06  4.11e+06  2.34e+06  2.28e+06  1.94e+06  3.14e+06  1.36e+06  1.83e+06  1.47e+06  5.52e+05  4.47e+05  2.84e+05  2.03e+05  1.59e+05  1.09e+05  5.68e+04  4.27e+04  3.55e+04  1.96e+04  1.77e+04  1.75e+04  1.02e+04  3.02e+03  4.10e+03  2.84e+03  2.50e+03  1.07e+03  2.54e+02  0.00e+00  0.00e+00  0.00e+00  0.00e+00  0.00e+00
 -3.45  9.74e+06  1.76e+07  1.82e+07  1.49e+07  1.41e+07  1.08e+07  8.90e+06  5.57e+06  6.04e+06  5.00e+06  4.32e+06  3.10e+06  2.84e+06  1.93e+06  1.93e+06  1.21e+06  8.54e+05  5.88e+05  3.50e+05  2.25e+05  1.58e+05  1.23e+05  8.19e+04  6.44e+04  4.38e+04  3.04e+04  1.23e+04  8.33e+03  4.30e+03  1.48e+03  9.45e+02  2.24e+02  1.07e+02  1.02e+02  0.00e+00  0.00e+00  0.00e+00
-19.92  1.39e+07  1.07e+07  1.12e+07  8.36e+06  7.56e+06  6.33e+06  4.67e+06  6.16e+06  7.94e+06  7.70e+06  6.34e+06  5.22e+06  3.55e+06  1.77e+06  7.32e+05  2.61e+05  5.54e+04  3.60e+04  5.40e+03  2.29e+03  7.53e+02  7.43e+02  0.00e+00  0.00e+00  0.00e+00  0.00e+00  0.00e+00  0.00e+00  0.00e+00  0.00e+00  0.00e+00  0.00e+00  0.00e+00  0.00e+00  0.00e+00  0.00e+00  0.00e+00
